89 122 134 133 127 131 130 114 107 106 97 93 95 121 123 109 117 129 141 124 132 144 150 142 120
97 132 142 133 106 93 93 89 77 76 102 112 107 121 95 91 94 89 85 84 99 129 155 147 121
111 134 148 136 88 69 64 72 84 75 65 65 76 73 78 99 117 89 90 83 113 139 148 145 121
115 129 152 148 127 107 114 81 101 74 86 57 71 92 87 76 104 112 123 111 137 151 155 139 121
112 136 150 147 140 126 118 97 92 101 97 79 102 106 103 120 115 113 106 116 141 158 162 152 129
113 135 142 147 142 119 100 78 120 152 113 102 119 103 140 182 145 96 102 117 144 158 165 150 127
106 124 136 138 128 105 88 127 165 189 146 114 124 126 173 187 165 140 106 113 137 153 162 151 130
102 116 126 135 131 124 109 167 175 189 154 123 129 134 179 188 172 161 130 138 149 159 159 143 127
99 111 123 134 136 108 123 173 178 185 151 124 131 130 184 189 179 175 138 136 158 158 150 138 114
98 99 120 137 134 99 137 171 183 188 149 123 140 130 181 188 184 174 144 121 145 154 143 128 109
107 90 99 117 118 88 148 170 186 192 147 126 147 129 178 190 181 175 134 106 142 143 130 114 114
112 87 82 88 83 66 137 172 184 191 139 126 148 126 180 193 179 181 115 105 127 127 111 105 108
142 129 107 78 69 53 119 174 181 186 136 126 157 129 182 190 180 175 104 104 111 105 107 100 90
158 156 126 69 58 48 95 174 183 187 153 121 140 141 187 185 189 158 78 95 105 102 99 98 85
164 153 117 70 48 53 75 162 173 181 157 117 127 149 179 173 177 133 70 94 102 96 101 95 89
166 144 127 72 55 68 66 131 145 167 143 121 132 145 166 150 151 119 84 85 95 97 103 99 90
175 170 136 77 93 107 80 109 125 150 126 127 130 132 158 142 124 112 97 95 101 90 95 98 105
182 187 139 98 155 151 89 104 124 129 132 134 134 136 139 135 123 114 111 117 121 110 92 100 115
181 184 140 108 156 166 103 101 124 118 129 149 147 125 129 128 122 115 112 124 134 118 106 114 129
180 175 146 119 146 166 137 102 124 133 122 138 132 131 127 123 112 107 114 135 157 145 115 125 138
177 174 153 137 143 157 161 151 127 118 118 127 123 126 123 120 122 132 143 146 168 157 118 125 143
176 167 159 141 131 159 158 167 169 141 135 136 131 129 137 148 165 144 132 157 156 144 123 126 136
162 159 155 146 133 137 160 169 163 164 150 154 162 154 157 163 140 127 141 155 146 125 114 125 129
151 153 157 148 128 113 142 181 182 162 135 132 136 145 136 142 138 151 146 137 123 110 111 118 113
135 141 147 136 121 102 108 158 181 180 172 163 159 165 168 166 174 164 132 104 95 92 102 98 86
