157 159 162 166 169 170 174 178 180 182 185 185 186 184 182 180 177 173 169 167 166 161 157 154 152
156 160 163 167 169 172 175 177 180 182 184 185 185 183 181 180 176 172 169 167 165 162 159 155 153
156 161 163 167 170 173 174 176 179 182 190 192 187 186 184 180 176 172 168 168 164 161 158 155 154
158 162 166 170 174 176 177 178 181 182 136 134 180 185 182 179 176 173 170 168 165 160 157 153 152
161 164 168 172 174 177 179 180 187 138 3 1 45 165 186 179 176 173 170 168 164 160 155 151 150
162 168 170 173 175 178 185 189 196 78 22 51 63 90 163 178 175 172 169 166 162 158 154 150 148
162 167 169 172 175 185 141 92 86 36 64 134 132 84 105 148 173 171 168 165 161 157 152 148 146
165 169 170 174 184 147 28 6 4 50 88 52 126 44 78 132 143 172 168 164 162 157 153 148 146
164 166 168 179 124 22 10 13 14 23 39 35 130 114 74 128 172 167 166 165 162 157 152 149 146
161 164 169 119 16 12 13 12 13 11 34 23 90 190 92 149 168 165 164 164 161 157 152 147 144
160 164 168 54 3 14 13 12 11 29 28 8 37 43 50 168 164 162 158 159 160 156 152 148 144
162 163 167 140 33 9 14 15 29 23 11 8 36 42 70 169 163 161 161 172 160 157 153 149 146
163 163 163 176 91 2 11 12 28 23 16 19 49 111 84 164 163 161 163 181 160 160 156 149 147
164 164 164 170 55 6 10 12 14 13 48 118 75 170 98 137 183 162 161 179 159 159 156 149 147
125 143 174 132 11 13 13 15 15 8 110 126 114 160 114 90 184 180 162 178 158 150 151 154 152
95 111 112 45 8 13 13 13 13 13 133 93 121 161 156 83 115 135 127 132 175 180 161 121 113
112 112 105 19 12 14 14 14 11 45 130 65 91 117 103 88 56 94 57 54 105 133 97 60 51
137 138 93 8 12 13 14 13 8 77 143 74 124 133 130 134 72 119 128 129 125 124 124 119 116
135 139 66 6 13 13 14 13 14 110 103 75 132 141 126 132 95 81 122 114 112 111 112 116 111
135 138 129 54 9 14 15 11 31 138 87 108 133 140 135 132 129 81 135 130 126 124 121 118 118
133 133 142 81 19 9 12 7 55 137 77 123 128 130 135 133 133 101 101 126 120 117 118 118 115
124 127 138 67 38 33 9 12 82 110 55 110 117 121 133 138 137 122 75 128 119 122 122 118 113
124 123 128 61 35 70 27 38 119 119 137 127 128 129 125 126 129 127 121 131 116 116 115 113 119
128 126 127 61 35 92 50 36 117 116 155 123 130 123 126 128 128 123 116 129 117 117 108 111 118
122 124 126 55 42 106 54 50 108 118 148 120 125 118 121 125 127 128 117 124 125 120 115 116 114
