0 0 0 0 0 0 0 0 0 0 0 0 0 0 0 20 89 42 0 0 0 0 0 0 0
0 0 0 0 0 0 0 0 0 0 0 0 0 0 6 71 107 100 16 0 0 0 0 0 0
0 0 0 0 0 0 0 0 0 0 0 0 0 0 44 89 128 151 52 0 0 0 0 0 0
0 0 0 0 0 0 0 0 0 0 0 0 0 10 85 70 145 172 81 11 0 0 0 0 0
0 0 0 0 0 0 0 0 0 0 0 0 2 45 93 54 147 174 96 38 0 0 0 0 0
0 0 0 0 0 0 0 0 0 0 0 0 33 69 75 56 142 169 103 63 1 0 0 0 0
0 0 0 0 0 0 0 0 0 0 4 34 55 77 53 64 136 162 110 79 15 0 0 0 0
0 0 0 0 0 0 0 0 0 29 57 61 55 73 44 72 130 156 116 85 38 0 0 0 0
0 0 0 0 0 0 0 0 53 85 70 52 64 56 48 77 124 148 120 87 61 1 0 0 0
0 0 0 0 0 0 0 57 135 88 58 48 69 43 55 81 120 141 123 90 76 12 0 0 0
0 0 0 0 0 5 50 138 107 63 46 57 57 44 60 84 116 135 124 95 83 32 0 0 0
0 0 0 8 55 110 134 133 108 53 42 68 43 50 64 87 114 131 125 100 84 56 0 0 0
0 11 62 116 137 134 130 130 133 112 69 58 42 55 69 90 112 127 125 104 85 74 8 0 0
69 125 140 136 132 131 130 130 131 127 85 42 48 59 73 92 111 125 125 108 88 82 29 0 0
44 124 141 133 132 131 130 130 130 106 57 43 53 64 78 95 111 123 124 112 92 83 54 0 0
0 18 105 140 133 131 130 130 118 85 44 50 58 69 83 98 111 122 124 116 98 83 75 9 0
0 0 6 82 138 135 133 122 115 56 48 55 64 76 88 101 112 121 129 116 100 89 83 33 0
0 0 0 0 59 122 97 131 83 49 55 62 73 84 94 104 114 125 80 21 17 53 86 61 1
0 0 0 0 0 11 2 25 59 58 64 73 84 93 101 109 120 68 0 0 0 0 39 81 16
0 0 0 0 0 0 0 0 29 72 80 92 100 105 109 119 82 2 0 0 0 0 0 41 49
0 0 0 0 0 0 0 0 4 84 114 120 121 120 122 103 11 0 0 0 0 0 0 0 25
0 0 0 0 0 0 0 0 0 70 163 157 148 140 128 29 0 0 0 0 0 0 0 0 0
0 0 0 0 0 0 0 0 0 26 185 191 176 162 56 0 0 0 0 0 0 0 0 0 0
0 0 0 0 0 0 0 0 0 0 144 225 197 76 0 0 0 0 0 0 0 0 0 0 0
0 0 0 0 0 0 0 0 0 0 69 182 67 0 0 0 0 0 0 0 0 0 0 0 0
